0.547166 56
0.079061 1
1.437357 1
0.160114 2
0.135867 79
0.002904 56
0.000786 1
1.972307 1
0.200005 2
0.440037 177
0.016561 1
0.574989 1
0.560355 1
0.239838 5
0.328605 1
2.287634 1
1.072193 1
0.399478 5
0.248368 1
2.983937 1
0.256009 1
0.207588 1
0.168598 5
0.183926 35
1.312096 56
1.119242 1
1.240369 1
0.191858 2
0.184661 79
0.002291 56
0.000478 1
2.340855 1
0.128031 1
0.079851 1
0.456361 1
0.135834 1
0.144086 2
0.143768 46
0.000405 1
0.447293 1
0.152204 2
0.096716 125
0.002498 46
0.000396 1
0.340843 1
0.143483 1
0.128010 28
3.336647 1
0.375003 1
0.088356 1
0.168007 1
1.408168 4
0.544087 1
0.175645 4
1.080280 1
0.704194 1
0.127621 1
0.192090 1
0.173742 1
0.401446 1
0.152637 4
0.179702 2
0.300722 46
0.000425 1
0.279633 1
0.136002 2
0.080266 125
0.002533 46
0.000400 1
0.236081 1
0.111229 1
0.136151 1
0.336369 4
0.256640 2
0.224417 56
0.000523 1
0.383452 1
0.127468 2
0.096892 79
0.002379 56
0.000472 1
0.868031 1
0.255532 1
0.201256 1
0.135982 8
